#*******************************************************************************
# JMMC project ( http://www.jmmc.fr ) - Copyright (C) CNRS.
#*******************************************************************************
# This file contains the correlation coefficients between angular diameter errors
# as computed by the polynoms. 
#
# Warning : The first column (color) is used during file parsing (consistency). 
# Therefore, lines must not be re-ordered, without changing software !
#*****************************************************************************/
#Color, 16 coeffs
B-V 1.000000 -0.211993 -0.209001 -0.062200 -0.126009 0.000000 -0.046357 -0.213611 -0.210579 -0.123157 -0.156947 -0.098218 -0.140794 -0.167131 -0.243326 -0.109401
B-I -0.211993 1.000000 0.162502 0.223973 0.120921 0.000000 0.403659 0.193250 0.191389 -0.039268 -0.010040 0.356911 0.141344 0.100636 0.182243 0.380171
B-J -0.209001 0.162502 1.000000 0.443520 0.664221 0.000000 0.223937 0.538524 0.893968 0.383880 0.284273 0.400387 0.505226 0.551446 0.322338 0.240720
B-H -0.062200 0.223973 0.443520 1.000000 0.354200 0.000000 0.051662 0.833434 0.500420 0.361482 0.362160 0.512005 0.661544 0.500394 0.122098 0.486024
B-K -0.126009 0.120921 0.664221 0.354200 1.000000 0.000000 0.270425 0.398563 0.566687 0.468392 0.340010 0.331534 0.616950 0.534584 0.322890 0.301941
# fake VR (disabled)
V-R 0.000000 0.000000 0.000000 0.000000 0.000000 1.000000 0.000000 0.000000 0.000000 0.000000 0.000000 0.000000 0.000000 0.000000 0.000000 0.000000
V-I -0.046357 0.403659 0.223937 0.051662 0.270425 0.000000 1.000000 0.058775 0.064827 0.175328 0.109033 0.120892 0.189820 0.233596 0.100603 0.093920
V-J -0.213611 0.193250 0.538524 0.833434 0.398563 0.000000 0.058775 1.000000 0.623085 0.362945 0.378718 0.350150 0.663793 0.467824 0.228086 0.414964
V-H -0.210579 0.191389 0.893968 0.500420 0.566687 0.000000 0.064827 0.623085 1.000000 0.334295 0.242788 0.376796 0.518897 0.582238 0.362851 0.251581
V-K -0.123157 -0.039268 0.383880 0.361482 0.468392 0.000000 0.175328 0.362945 0.334295 1.000000 0.802761 0.392736 0.507415 0.739112 0.323654 0.265634
I-J -0.156947 -0.010040 0.284273 0.362160 0.340010 0.000000 0.109033 0.378718 0.242788 0.802761 1.000000 0.348111 0.471584 0.560270 0.420197 0.279780
I-H -0.098218 0.356911 0.400387 0.512005 0.331534 0.000000 0.120892 0.350150 0.376796 0.392736 0.348111 1.000000 0.432972 0.433210 0.402820 0.206950
I-K -0.140794 0.141344 0.505226 0.661544 0.616950 0.000000 0.189820 0.663793 0.518897 0.507415 0.471584 0.432972 1.000000 0.606528 0.303889 0.384692
J-H -0.167131 0.100636 0.551446 0.500394 0.534584 0.000000 0.233596 0.467824 0.582238 0.739112 0.560270 0.433210 0.606528 1.000000 0.348571 0.112747
J-K -0.243326 0.182243 0.322338 0.122098 0.322890 0.000000 0.100603 0.228086 0.362851 0.323654 0.420197 0.402820 0.303889 0.348571 1.000000 -0.018655
H-K -0.109401 0.380171 0.240720 0.486024 0.301941 0.000000 0.093920 0.414964 0.251581 0.265634 0.279780 0.206950 0.384692 0.112747 -0.018655 1.000000
#
#
#B-V 1.000000 0.000000 0.000000 0.000000 0.000000 0.000000 0.000000 0.000000 0.000000 0.000000 0.000000 0.000000 0.000000 0.000000 0.000000 0.000000
#B-I 0.000000 1.000000 0.000000 0.000000 0.000000 0.000000 0.000000 0.000000 0.000000 0.000000 0.000000 0.000000 0.000000 0.000000 0.000000 0.000000
#B-J 0.000000 0.000000 1.000000 0.000000 0.000000 0.000000 0.000000 0.000000 0.000000 0.000000 0.000000 0.000000 0.000000 0.000000 0.000000 0.000000
#B-H 0.000000 0.000000 0.000000 1.000000 0.000000 0.000000 0.000000 0.000000 0.000000 0.000000 0.000000 0.000000 0.000000 0.000000 0.000000 0.000000
#B-K 0.000000 0.000000 0.000000 0.000000 1.000000 0.000000 0.000000 0.000000 0.000000 0.000000 0.000000 0.000000 0.000000 0.000000 0.000000 0.000000
## fake VR (disabled)
#V-R 0.000000 0.000000 0.000000 0.000000 0.000000 1.000000 0.000000 0.000000 0.000000 0.000000 0.000000 0.000000 0.000000 0.000000 0.000000 0.000000
#V-I 0.000000 0.000000 0.000000 0.000000 0.000000 0.000000 1.000000 0.000000 0.000000 0.000000 0.000000 0.000000 0.000000 0.000000 0.000000 0.000000
#V-J 0.000000 0.000000 0.000000 0.000000 0.000000 0.000000 0.000000 1.000000 0.000000 0.000000 0.000000 0.000000 0.000000 0.000000 0.000000 0.000000
#V-H 0.000000 0.000000 0.000000 0.000000 0.000000 0.000000 0.000000 0.000000 1.000000 0.000000 0.000000 0.000000 0.000000 0.000000 0.000000 0.000000
#V-K 0.000000 0.000000 0.000000 0.000000 0.000000 0.000000 0.000000 0.000000 0.000000 1.000000 0.000000 0.000000 0.000000 0.000000 0.000000 0.000000
#I-J 0.000000 0.000000 0.000000 0.000000 0.000000 0.000000 0.000000 0.000000 0.000000 0.000000 1.000000 0.000000 0.000000 0.000000 0.000000 0.000000
#I-H 0.000000 0.000000 0.000000 0.000000 0.000000 0.000000 0.000000 0.000000 0.000000 0.000000 0.000000 1.000000 0.000000 0.000000 0.000000 0.000000
#I-K 0.000000 0.000000 0.000000 0.000000 0.000000 0.000000 0.000000 0.000000 0.000000 0.000000 0.000000 0.000000 1.000000 0.000000 0.000000 0.000000
#J-H 0.000000 0.000000 0.000000 0.000000 0.000000 0.000000 0.000000 0.000000 0.000000 0.000000 0.000000 0.000000 0.000000 1.000000 0.000000 0.000000
#J-K 0.000000 0.000000 0.000000 0.000000 0.000000 0.000000 0.000000 0.000000 0.000000 0.000000 0.000000 0.000000 0.000000 0.000000 1.000000 0.000000
#H-K 0.000000 0.000000 0.000000 0.000000 0.000000 0.000000 0.000000 0.000000 0.000000 0.000000 0.000000 0.000000 0.000000 0.000000 0.000000 1.000000
##