#*******************************************************************************
# JMMC project ( http://www.jmmc.fr ) - Copyright (C) CNRS.
#*******************************************************************************
# This file contains the covariance matrix coefficients (20 x 20) to compute the
# angular diameter errors. See alxAngDiamPolynomial.cfg.
#
# Warning : The first column (color) is used during file parsing (consistency).
# Therefore, lines must not be re-ordered, without changing software !
#*****************************************************************************/
#
# MCOV_POL matrix from IDL [10,10] for 5 colors and 2 polynomial coefficients (a0 a1)
#
# Covariance matrix of polynom coefficients [a0ij...a1ij][a0ij...a1ij] (i < 10)
0  2.836348912e-06  1.815774349e-06  1.683538451e-06  2.976999441e-06  2.993593056e-06 -7.772618199e-07 -9.475535721e-07 -7.403109153e-07 -1.168424511e-06 -2.053480689e-06
1  1.815774349e-06  5.720865666e-06  2.005676819e-06  1.860375519e-06  1.685286834e-06 -4.868450612e-07 -3.193868672e-06 -8.688372286e-07 -7.120202497e-07 -1.124455527e-06
2  1.683538451e-06  2.005676819e-06  4.227905846e-06  1.711310851e-06  1.578759981e-06 -5.005525619e-07 -1.124506993e-06 -1.856392233e-06 -7.297114209e-07 -1.195861741e-06
3  2.976999441e-06  1.860375519e-06  1.711310851e-06  3.143035532e-06  3.173952292e-06 -8.168588938e-07 -9.705577872e-07 -7.552495192e-07 -1.236359963e-06 -2.185132832e-06
4  2.993593056e-06  1.685286834e-06  1.578759981e-06  3.173952292e-06  3.417986216e-06 -8.094281367e-07 -8.761585232e-07 -6.939741340e-07 -1.232607217e-06 -2.334270163e-06
5 -7.772618199e-07 -4.868450612e-07 -5.005525619e-07 -8.168588938e-07 -8.094281367e-07  2.867736300e-07  3.398950960e-07  2.909942308e-07  4.314142311e-07  7.666876944e-07
6 -9.475535721e-07 -3.193868672e-06 -1.124506993e-06 -9.705577872e-07 -8.761585232e-07  3.398950960e-07  2.271021782e-06  6.212689477e-07  4.983901910e-07  8.092622223e-07
7 -7.403109153e-07 -8.688372286e-07 -1.856392233e-06 -7.552495192e-07 -6.939741340e-07  2.909942308e-07  6.212689477e-07  1.034935098e-06  4.267431832e-07  7.147689094e-07
8 -1.168424511e-06 -7.120202497e-07 -7.297114209e-07 -1.236359963e-06 -1.232607217e-06  4.314142311e-07  4.983901910e-07  4.267431832e-07  6.537656682e-07  1.169418422e-06
9 -2.053480689e-06 -1.124455527e-06 -1.195861741e-06 -2.185132832e-06 -2.334270163e-06  7.666876944e-07  8.092622223e-07  7.147689094e-07  1.169418422e-06  2.234028127e-06
#
