#*******************************************************************************
# JMMC project ( http://www.jmmc.fr ) - Copyright (C) CNRS.
#*******************************************************************************
# This file contains the correlation coefficients between angular diameter errors
# as computed by the polynoms. 
#
# Warning : The first column (color) is used during file parsing (consistency). 
# Therefore, lines must not be re-ordered, without changing software !
#*****************************************************************************/
#Color, 16 coeffs
B-V  1.000000000e+00  5.484391445e-01  1.882872624e-01  2.276760082e-01  3.251532464e-01 0.000000  3.406262660e-01 -1.786203965e-01 -1.615073045e-01 -1.837824450e-01 -3.603430244e-01 -2.095032195e-01 -3.148494693e-01  2.082476348e-02  8.131156634e-02  2.602219418e-02
B-I  5.484391445e-01  1.000000000e+00  1.930753020e-01  9.730866310e-02 -3.258782833e-03 0.000000  8.435862003e-01  2.660080903e-02 -8.136906784e-02 -1.906690713e-01 -4.273530661e-01 -4.435689498e-01 -6.522718166e-01 -5.135384763e-02 -1.016040564e-01  1.066424050e-03
B-J  1.882872624e-01  1.930753020e-01  1.000000000e+00  1.659060233e-01 -5.876195131e-02 0.000000  2.108405565e-01  8.974247033e-01  1.647086435e-01 -8.339229024e-02  5.951561632e-01 -4.316338881e-03 -2.071280342e-01 -6.019971909e-01 -7.201755199e-01 -2.123523489e-02
B-H  2.276760082e-01  9.730866310e-02  1.659060233e-01  1.000000000e+00  2.193294435e-01 0.000000  3.458975212e-02  2.401346613e-02  8.262505771e-01 -3.514188901e-02 -1.757096427e-02  6.915235342e-01 -2.741950690e-02  6.486522611e-01  8.563979109e-03 -6.283174931e-01
B-K  3.251532464e-01 -3.258782833e-03 -5.876195131e-02  2.193294435e-01  1.000000000e+00 0.000000 -1.101574946e-01 -2.323126210e-01 -1.752769693e-02  7.126823414e-01 -2.012354545e-01  1.343402946e-01  5.726569508e-01  1.054503714e-01  6.893045327e-01  2.930200133e-01
#Fake V-R
V-R 0.000000 0.000000 0.000000 0.000000 0.000000 1.000000 0.000000 0.000000 0.000000 0.000000 0.000000 0.000000 0.000000 0.000000 0.000000 0.000000
V-I  3.406262660e-01  8.435862003e-01  2.108405565e-01  3.458975212e-02 -1.101574946e-01 0.000000  1.000000000e+00  1.332322284e-01 -1.404999409e-02 -1.596156325e-01 -3.497063728e-01 -5.284069929e-01 -6.699188734e-01 -1.124867410e-01 -2.137615918e-01 -1.010039895e-02
V-J -1.786203965e-01  2.660080903e-02  8.974247033e-01  2.401346613e-02 -2.323126210e-01 0.000000  1.332322284e-01  1.000000000e+00  2.220502018e-01 -7.682493810e-03  7.389346195e-01 -3.159997221e-02 -1.315483581e-01 -5.927604010e-01 -7.679302491e-01 -2.733069945e-02
V-H -1.615073045e-01 -8.136906784e-02  1.647086435e-01  8.262505771e-01 -1.752769693e-02 0.000000 -1.404999409e-02  2.220502018e-01  1.000000000e+00  1.662058435e-01  1.862511978e-01  5.762386367e-01  3.135553269e-02  5.949229441e-01 -1.634081201e-01 -6.842526619e-01
V-K -1.837824450e-01 -1.906690713e-01 -8.339229024e-02 -3.514188901e-02  7.126823414e-01 0.000000 -1.596156325e-01 -7.682493810e-03  1.662058435e-01  1.000000000e+00  2.797439990e-02 -6.921656614e-02  6.500776615e-01  3.771207101e-02  4.969160257e-01  2.553478516e-01
I-J -3.603430244e-01 -4.273530661e-01  5.951561632e-01 -1.757096427e-02 -2.012354545e-01 0.000000 -3.497063728e-01  7.389346195e-01  1.862511978e-01  2.797439990e-02  1.000000000e+00  2.628385106e-01  3.154028175e-01 -4.186036088e-01 -5.456934487e-01 -7.365322638e-03
I-H -2.095032195e-01 -4.435689498e-01 -4.316338881e-03  6.915235342e-01  1.343402946e-01 0.000000 -5.284069929e-01 -3.159997221e-02  5.762386367e-01 -6.921656614e-02  2.628385106e-01  1.000000000e+00  4.204243625e-01  4.930158502e-01  6.670571384e-02 -4.241378373e-01
I-K -3.148494693e-01 -6.522718166e-01 -2.071280342e-01 -2.741950690e-02  5.726569508e-01 0.000000 -6.699188734e-01 -1.315483581e-01  3.135553269e-02  6.500776615e-01  3.154028175e-01  4.204243625e-01  1.000000000e+00  9.784731654e-02  5.414553489e-01  2.820714351e-01
J-H  2.082476348e-02 -5.135384763e-02 -6.019971909e-01  6.486522611e-01  1.054503714e-01 0.000000 -1.124867410e-01 -5.927604010e-01  5.949229441e-01  3.771207101e-02 -4.186036088e-01  4.930158502e-01  9.784731654e-02  1.000000000e+00  4.919137472e-01 -4.958150518e-01
J-K  8.131156634e-02 -1.016040564e-01 -7.201755199e-01  8.563979109e-03  6.893045327e-01 0.000000 -2.137615918e-01 -7.679302491e-01 -1.634081201e-01  4.969160257e-01 -5.456934487e-01  6.670571384e-02  5.414553489e-01  4.919137472e-01  1.000000000e+00  2.909658035e-01
H-K  2.602219418e-02  1.066424050e-03 -2.123523489e-02 -6.283174931e-01  2.930200133e-01 0.000000 -1.010039895e-02 -2.733069945e-02 -6.842526619e-01  2.553478516e-01 -7.365322638e-03 -4.241378373e-01  2.820714351e-01 -4.958150518e-01  2.909658035e-01  1.000000000e+00
#
#
# Identity matrix to ignore diameter correlations:
#
#B-V 1.000000 0.000000 0.000000 0.000000 0.000000 0.000000 0.000000 0.000000 0.000000 0.000000 0.000000 0.000000 0.000000 0.000000 0.000000 0.000000
#B-I 0.000000 1.000000 0.000000 0.000000 0.000000 0.000000 0.000000 0.000000 0.000000 0.000000 0.000000 0.000000 0.000000 0.000000 0.000000 0.000000
#B-J 0.000000 0.000000 1.000000 0.000000 0.000000 0.000000 0.000000 0.000000 0.000000 0.000000 0.000000 0.000000 0.000000 0.000000 0.000000 0.000000
#B-H 0.000000 0.000000 0.000000 1.000000 0.000000 0.000000 0.000000 0.000000 0.000000 0.000000 0.000000 0.000000 0.000000 0.000000 0.000000 0.000000
#B-K 0.000000 0.000000 0.000000 0.000000 1.000000 0.000000 0.000000 0.000000 0.000000 0.000000 0.000000 0.000000 0.000000 0.000000 0.000000 0.000000
## fake VR (disabled)
#V-R 0.000000 0.000000 0.000000 0.000000 0.000000 1.000000 0.000000 0.000000 0.000000 0.000000 0.000000 0.000000 0.000000 0.000000 0.000000 0.000000
#V-I 0.000000 0.000000 0.000000 0.000000 0.000000 0.000000 1.000000 0.000000 0.000000 0.000000 0.000000 0.000000 0.000000 0.000000 0.000000 0.000000
#V-J 0.000000 0.000000 0.000000 0.000000 0.000000 0.000000 0.000000 1.000000 0.000000 0.000000 0.000000 0.000000 0.000000 0.000000 0.000000 0.000000
#V-H 0.000000 0.000000 0.000000 0.000000 0.000000 0.000000 0.000000 0.000000 1.000000 0.000000 0.000000 0.000000 0.000000 0.000000 0.000000 0.000000
#V-K 0.000000 0.000000 0.000000 0.000000 0.000000 0.000000 0.000000 0.000000 0.000000 1.000000 0.000000 0.000000 0.000000 0.000000 0.000000 0.000000
#I-J 0.000000 0.000000 0.000000 0.000000 0.000000 0.000000 0.000000 0.000000 0.000000 0.000000 1.000000 0.000000 0.000000 0.000000 0.000000 0.000000
#I-H 0.000000 0.000000 0.000000 0.000000 0.000000 0.000000 0.000000 0.000000 0.000000 0.000000 0.000000 1.000000 0.000000 0.000000 0.000000 0.000000
#I-K 0.000000 0.000000 0.000000 0.000000 0.000000 0.000000 0.000000 0.000000 0.000000 0.000000 0.000000 0.000000 1.000000 0.000000 0.000000 0.000000
#J-H 0.000000 0.000000 0.000000 0.000000 0.000000 0.000000 0.000000 0.000000 0.000000 0.000000 0.000000 0.000000 0.000000 1.000000 0.000000 0.000000
#J-K 0.000000 0.000000 0.000000 0.000000 0.000000 0.000000 0.000000 0.000000 0.000000 0.000000 0.000000 0.000000 0.000000 0.000000 1.000000 0.000000
#H-K 0.000000 0.000000 0.000000 0.000000 0.000000 0.000000 0.000000 0.000000 0.000000 0.000000 0.000000 0.000000 0.000000 0.000000 0.000000 1.000000
#