#*******************************************************************************
# JMMC project ( http://www.jmmc.fr ) - Copyright (C) CNRS.
#*******************************************************************************
# This file contains the covariance matrix coefficients (3 x 3) to compute the 
# angular diameter errors in percents. See alxAngDiamPolynomial.cfg.
# The polynomial coefficients are given for B-V, V-R, V-K, I-J, I-K, J-H, J-K and H-K. 
#
# Warning : The first column (color) is used during file parsing (consistency). 
# Therefore, lines must not be re-ordered, without changing software !
#*****************************************************************************/
#Covariance matrix coefficients(3x3)
#Color	a00	a01	a02	a10	a11	a12	a20	a21	a22
B-V	1.1067591e-05	-2.8572115e-05	1.6807501e-05	-2.8572115e-05	0.00010050304	-7.3743412e-05	1.6807501e-05	-7.3743412e-05	6.3274150e-05
# fake VR (disabled)
V-R 0   0   0   0   0   0   0   0   0
#B-I	1.6483138e-05	-1.4899299e-05	2.9138618e-06	-1.4899299e-05	1.5376932e-05	-3.2724417e-06	2.9138618e-06	-3.2724417e-06	7.5479708e-07
#B-J	1.3847455e-05	-9.4221649e-06	1.3650293e-06	-9.4221649e-06	7.6241483e-06	-1.2138503e-06	1.3650293e-06	-1.2138503e-06	2.0893491e-07
#B-H	1.9467848e-05	-1.1283228e-05	1.3759343e-06	-1.1283228e-05	7.3091487e-06	-9.4540901e-07	1.3759343e-06	-9.4540901e-07	1.2859933e-07
#B-K	1.3058435e-05	-7.5608477e-06	9.2886440e-07	-7.5608477e-06	4.9590768e-06	-6.5182657e-07	9.2886440e-07	-6.5182657e-07	9.0733736e-08
#V-I	2.4806582e-05	-3.8594818e-05	1.1549373e-05	-3.8594818e-05	6.6217278e-05	-2.0870250e-05	1.1549373e-05	-2.0870250e-05	7.0184401e-06
#V-J	1.3756252e-05	-1.2481340e-05	2.2935490e-06	-1.2481340e-05	1.3498234e-05	-2.7397652e-06	2.2935490e-06	-2.7397652e-06	6.1771524e-07
#V-H	1.0560646e-05	-7.5285763e-06	1.1239707e-06	-7.5285763e-06	6.5551148e-06	-1.0921547e-06	1.1239707e-06	-1.0921547e-06	2.0054863e-07
V-K	1.1712135e-05	-8.7930318e-06	1.3874202e-06	-8.7930318e-06	7.5565346e-06	-1.2859547e-06	1.3874202e-06	-1.2859547e-06	2.3465290e-07
I-J	4.9933841e-05	-0.00011787379	5.7871100e-05	-0.00011787379	0.00031858537	-0.00016823871	5.7871100e-05	-0.00016823871	9.4987922e-05
#I-H	2.6194375e-05	-4.2459786e-05	1.4094026e-05	-4.2459786e-05	7.7085249e-05	-2.7185163e-05	1.4094026e-05	-2.7185163e-05	1.0173034e-05
I-K	1.9210514e-05	-2.8210460e-05	8.8400678e-06	-2.8210460e-05	4.7079424e-05	-1.5933069e-05	8.8400678e-06	-1.5933069e-05	5.8010264e-06
J-H	6.3261265e-05	-0.00028509444	0.00027240402	-0.00028509444	0.0014692016	-0.0015085009	0.00027240402	-0.0015085009	0.0016448096
J-K	3.1650899e-05	-0.00011248356	8.3973197e-05	-0.00011248356	0.00046057511	-0.00037038506	8.3973197e-05	-0.00037038506	0.00031713986
H-K	0.00018536438	-0.0022515803	0.0055708791	-0.0022515803	0.032583214	-0.086883245	0.0055708791	-0.086883245	0.24353197
#