#*******************************************************************************
# JMMC project ( http://www.jmmc.fr ) - Copyright (C) CNRS.
#*******************************************************************************
# This file contains the covariance matrix beteween the angular diameter errors
# as computed by the polynoms. 
# Warning : The first column (color) is used during file parsing (consistency). 
# Therefore, lines must not be re-ordered, without changing software !
#*****************************************************************************/
#Color	, 16 coeffs
B-V 3.572135 3.132286 2.948701 2.523965 2.291742  0.000000  3.085883 2.356652 3.062551 1.700843 1.606524 1.172426 2.226319 1.648893 2.169489 1.991740
B-I 3.132286 14.003684 7.565828 10.595709 4.912859 0.000000  7.873821 9.913120 8.485359 5.968081 7.602093 6.822602 5.751383 6.499313 8.599246 6.446250
B-J 2.948701 7.565828 12.460632 6.848839 6.763776 0.000000  5.671406 8.081024 9.559285 5.562634 5.498715 4.568236 4.079807 4.266541 6.881705 4.082521
B-H 2.523965 10.595709 6.848839 13.419241 6.078388 0.000000  7.421748 10.973778 8.433300 7.091068 8.373773 7.948130 5.262806 7.831846 6.915219 4.932586
B-K 2.291742 4.912859 6.763776 6.078388 9.945194 0.000000  5.019071 6.334197 6.602076 5.849410 5.211518 4.612035 5.379882 5.483408 5.639671 4.414216
# fake VR (disabled)
V-R 0.000000 0.000000 0.000000 0.000000 0.000000 1.000000 0.000000 0.000000 0.000000 0.000000 0.000000 0.000000 0.000000 0.000000 0.000000 0.000000
V-I 3.085883 7.873821 5.671406 7.421748 5.019071 0.000000 9.081660 7.618844 6.080744 4.239492 5.629548 4.292827 4.467862 6.978466 6.683923 3.479031
V-J 2.356652 9.913120 8.081024 10.973778 6.334197 0.000000 7.618844 12.651644 9.447438 6.576089 8.079188 6.809269 5.732096 8.177883 8.114965 4.210901
V-H 3.062551 8.485359 9.559285 8.433300 6.602076 0.000000 6.080744 9.447438 11.913567 6.222313 6.110673 5.914130 4.395101 5.150493 8.380200 5.665885
V-K 1.700843 5.968081 5.562634 7.091068 5.849410 0.000000 4.239492 6.576089 6.222313 10.460711 9.971475 5.524524 5.653257 6.993675 5.897932 4.266129
I-J 1.606524 7.602093 5.498715 8.373773 5.211518 0.000000 5.629548 8.079188 6.110673 9.971475 12.172552 6.543053 6.873279 8.701293 5.995150 4.013680
I-H 1.172426 6.822602 4.568236 7.948130 4.612035 0.000000 4.292827 6.809269 5.914130 5.524524 6.543053 9.475905 4.943762 5.793381 5.364249 6.373258
I-K 2.226319 5.751383 4.079807 5.262806 5.379882 0.000000 4.467862 5.732096 4.395101 5.653257 6.873279 4.943762 8.456344 6.732046 4.446218 3.654340
J-H 1.648893 6.499313 4.266541 7.831846 5.483408 0.000000 6.978466 8.177883 5.150493 6.993675 8.701293 5.793381 6.732046 11.791332 6.050793 3.751383
J-K 2.169489 8.599246 6.881705 6.915219 5.639671 0.000000 6.683923 8.114965 8.380200 5.897932 5.995150 5.364249 4.446218 6.050793 12.774476 6.237939
H-K 1.991740 6.446250 4.082521 4.932586 4.414216 0.000000 3.479031 4.210901 5.665885 4.266129 4.013680 6.373258 3.654340 3.751383 6.237939 8.946591
#
#B-V 1.000000 0.000000 0.000000 0.000000 0.000000 0.000000 0.000000 0.000000 0.000000 0.000000 0.000000 0.000000 0.000000 0.000000 0.000000 0.000000
#B-I 0.000000 1.000000 0.000000 0.000000 0.000000 0.000000 0.000000 0.000000 0.000000 0.000000 0.000000 0.000000 0.000000 0.000000 0.000000 0.000000
#B-J 0.000000 0.000000 1.000000 0.000000 0.000000 0.000000 0.000000 0.000000 0.000000 0.000000 0.000000 0.000000 0.000000 0.000000 0.000000 0.000000
#B-H 0.000000 0.000000 0.000000 1.000000 0.000000 0.000000 0.000000 0.000000 0.000000 0.000000 0.000000 0.000000 0.000000 0.000000 0.000000 0.000000
#B-K 0.000000 0.000000 0.000000 0.000000 1.000000 0.000000 0.000000 0.000000 0.000000 0.000000 0.000000 0.000000 0.000000 0.000000 0.000000 0.000000
## fake VR (disabled)
#V-R 0.000000 0.000000 0.000000 0.000000 0.000000 1.000000 0.000000 0.000000 0.000000 0.000000 0.000000 0.000000 0.000000 0.000000 0.000000 0.000000
#V-I 0.000000 0.000000 0.000000 0.000000 0.000000 0.000000 1.000000 0.000000 0.000000 0.000000 0.000000 0.000000 0.000000 0.000000 0.000000 0.000000
#V-J 0.000000 0.000000 0.000000 0.000000 0.000000 0.000000 0.000000 1.000000 0.000000 0.000000 0.000000 0.000000 0.000000 0.000000 0.000000 0.000000
#V-H 0.000000 0.000000 0.000000 0.000000 0.000000 0.000000 0.000000 0.000000 1.000000 0.000000 0.000000 0.000000 0.000000 0.000000 0.000000 0.000000
#V-K 0.000000 0.000000 0.000000 0.000000 0.000000 0.000000 0.000000 0.000000 0.000000 1.000000 0.000000 0.000000 0.000000 0.000000 0.000000 0.000000
#I-J 0.000000 0.000000 0.000000 0.000000 0.000000 0.000000 0.000000 0.000000 0.000000 0.000000 1.000000 0.000000 0.000000 0.000000 0.000000 0.000000
#I-H 0.000000 0.000000 0.000000 0.000000 0.000000 0.000000 0.000000 0.000000 0.000000 0.000000 0.000000 1.000000 0.000000 0.000000 0.000000 0.000000
#I-K 0.000000 0.000000 0.000000 0.000000 0.000000 0.000000 0.000000 0.000000 0.000000 0.000000 0.000000 0.000000 1.000000 0.000000 0.000000 0.000000
#J-H 0.000000 0.000000 0.000000 0.000000 0.000000 0.000000 0.000000 0.000000 0.000000 0.000000 0.000000 0.000000 0.000000 1.000000 0.000000 0.000000
#J-K 0.000000 0.000000 0.000000 0.000000 0.000000 0.000000 0.000000 0.000000 0.000000 0.000000 0.000000 0.000000 0.000000 0.000000 1.000000 0.000000
#H-K 0.000000 0.000000 0.000000 0.000000 0.000000 0.000000 0.000000 0.000000 0.000000 0.000000 0.000000 0.000000 0.000000 0.000000 0.000000 1.000000
##