#*******************************************************************************
# JMMC project ( http://www.jmmc.fr ) - Copyright (C) CNRS.
#*******************************************************************************
# This file contains the covariance matrix coefficients (3 x 3) to compute the 
# angular diameter errors in percents. See alxAngDiamPolynomial.cfg.
#
# Warning : The first column (color) is used during file parsing (consistency). 
# Therefore, lines must not be re-ordered, without changing software !
#*****************************************************************************/
# Covariance matrix coefficients (3 x 3)
#
# adjustements:
# - no V-R coefficients
#
#Color a00 a01 a02 a10 a11 a12 a20 a21 a22
B-V  1.025495733e-05 -2.312069717e-05  1.100367179e-05 -2.312069717e-05  6.377444363e-05 -3.420852044e-05  1.100367179e-05 -3.420852044e-05  2.050253174e-05
B-I  1.912995130e-05 -1.711337919e-05  3.321897151e-06 -1.711337919e-05  1.729371264e-05 -3.629892986e-06  3.321897151e-06 -3.629892986e-06  8.210580772e-07
B-J  1.295375619e-05 -9.174229254e-06  1.344012028e-06 -9.174229254e-06  7.711651667e-06 -1.234446080e-06  1.344012028e-06 -1.234446080e-06  2.135988227e-07
B-H  1.003601754e-05 -5.963100723e-06  7.307551737e-07 -5.963100723e-06  4.208493009e-06 -5.651714481e-07  7.307551737e-07 -5.651714481e-07  8.258249362e-08
B-K  1.257869774e-05 -7.161958240e-06  8.629926865e-07 -7.161958240e-06  4.629794072e-06 -5.977267647e-07  8.629926865e-07 -5.977267647e-07  8.189815053e-08
# fake VR (disabled)
V-R 0   0   0   0   0   0   0   0   0
V-I  3.238573712e-05 -4.890480601e-05  1.428772592e-05 -4.890480601e-05  8.084060397e-05 -2.479860644e-05  1.428772592e-05 -2.479860644e-05  8.086329960e-06
V-J  1.285009879e-05 -1.198187136e-05  2.218992288e-06 -1.198187136e-05  1.340457438e-05 -2.736283834e-06  2.218992288e-06 -2.736283834e-06  6.198458581e-07
V-H  8.602515803e-06 -6.486156577e-06  9.753454112e-07 -6.486156577e-06  5.950679648e-06 -9.945540909e-07  9.753454112e-07 -9.945540909e-07  1.857786928e-07
V-K  1.004632493e-05 -7.296799024e-06  1.109315290e-06 -7.296799024e-06  6.174710615e-06 -1.022116309e-06  1.109315290e-06 -1.022116309e-06  1.830576668e-07
I-J  4.273196744e-05 -9.945810502e-05  4.806704202e-05 -9.945810502e-05  2.723772993e-04 -1.433391277e-04  4.806704202e-05 -1.433391277e-04  8.130464521e-05
I-H  2.532027394e-05 -4.109585593e-05  1.371628391e-05 -4.109585593e-05  7.478344952e-05 -2.656847155e-05  1.371628391e-05 -2.656847155e-05  1.004094579e-05
I-K  1.901942912e-05 -2.792646764e-05  8.753597564e-06 -2.792646764e-05  4.665497804e-05 -1.577451398e-05  8.753597564e-06 -1.577451398e-05  5.717996145e-06
J-H  3.953807347e-05 -1.805527744e-04  1.717083071e-04 -1.805527744e-04  1.026255176e-03 -1.082788750e-03  1.717083071e-04 -1.082788750e-03  1.233436850e-03
J-K  3.116848504e-05 -1.105069230e-04  8.236708818e-05 -1.105069230e-04  4.537114931e-04 -3.652322781e-04  8.236708818e-05 -3.652322781e-04  3.135904058e-04
H-K  1.467769121e-04 -1.817036577e-03  4.772910516e-03 -1.817036577e-03  2.869483492e-02 -8.527439795e-02  4.772910516e-03 -8.527439795e-02  2.777650451e-01
#
